koniag={
	location=51
	color={
		54 167 156 
	}
	outgoing={
		name="kenai"
		path={
			92 114 209 189 186 
		}
		control={
			2604.000000 503.500000 2634.000000 533.500000 2600.000000 568.000000 2575.000000 618.000000 2584.500000 674.000000 
		}
	}
	members={
		1 2 3 44 46 47 48 49 50 51 53 54 56 58 59 60 52 55 56 57 58 59 60 61 62 63 64 65 66 67 68 69 70 71 72 73 74 75 76 77 78 79 80 81 82 83 84 85 86 87 88 89 114 91 90 
	}
}
sitka_node={
	location=294
	color={
		120 90 210 
	}
	outgoing={
		name="prince_william"
		path={
			293 291 290 289 288 283 216 202 200 
		}
		control={
			3401.000000 538.000000 3231.000000 668.000000 3101.000000 718.000000 3001.000000 718.000000 2921.000000 728.000000 
		}
	}
	members={
		330 331 332 333 334 335 336 337 338 339 340 341 342 343 344 345 346 347 348 349 350 351 352 353 354 355 356 357 358 359 360 361 362 363 364 365 366 367 368 369 370 371 372 373 374 375 376 377 378 379 380 381 382 383 384 385 386 387 388 389 390 391 392 393 394 395 396 397 398 399 400 401 402 403 404 405 406 407 408 412 413 414 415 416 417 418 419 420 421 422 423 424 425 426 427 428 429 430 431 432 433 434 435 436 437 438 439 440 441 442 443 444 445 446 447 448 449 450 451 452 453 454 455 456 294 
	}
}
glenallen={
	location=280
	color={
		120 200 100 
	}
	inland=yes
	outgoing={
		name="prince_william"
		path={
			281 282 213 201 
		}
		control={
			2900.000000 860.500000 2890.000000 820.500000 2860.000000 818.500000 2845.000000 807.500000 2835.000000 790.500000 
		}
	}
	outgoing={
		name="anchorage"
		path={
			197 191 190 209 189 186 
		}
		control={
			2784.000000 878.500000 2745.000000 860.500000 
		}
	}
	members={
		273 274 275 277 278 279 280 281 282 287 457 
	}
}
prince_william={
	location=200
	color={
		222 211 73 
	}
	outgoing={
		name="kenai"
		path={
			197 191 190 209 189 186 
		}
		control={
			2810.000000 715.500000 2773.000000 679.500000 2723.000000 659.500000 2642.500000 593.500000 2592.000000 607.500000 2584.500000 654.000000 
		}
	}
	members={
		115 142 152 153 161 178 179 197 198 199 200 201 202 203 204 205 210 213 214 215 216 217 218 219 2606 741 409 410 411 
	}
}
kenai={
	location=155
	color={
		75 100 200 
	}
	outgoing={
		name="anchorage"
		path={
			197 191 190 209 189 186 
		}
		control={
			2620.000000 760.500000 2635.000000 780.500000 2665.000000 805.500000 
		}
	}
	members={
		147 148 149 150 151 154 155 156 157 158 159 160 162 163 164 165 166 167 168 169 170 171 172 173 174 175 176 177 180 181 182 183 184 185 186 187 188 189 190 191 192 209 220 221 222 223 238 239 241 462 461 
	}
}
susitna={
	location=264
	color={
		23 200 240 
	}
	inland=yes
	outgoing={
		name="anchorage"
		path={
			197 191 190 209 189 186 
		}
		control={
			2684.000000 880.500000 2674.000000 850.500000 2664.000000 825.500000 2670.000000 815.500000 
		}
	}
	members={
		233 234 235 236 237 240 242 245 246 247 248 249 250 251 252 253 254 255 256 257 258 259 260 261 262 264 265 266 267 268 270 271 272 285 
	}
}
anchorage={
	location=133
	color={
		150 170 200 
	}
	members={
		133 134 135 136 137 138 139 140 141 143 144 145 146 224 225 226 227 228 229 230 231 232 458 459 460 463 464 
	}
	end=yes
}
